-2.1202e-09
-6.5125e-10
-1.0931e-05
 1.3263e-08
-3.4265e-10
-9.3686e-10
-9.2689e-09
-3.0003e-04
 2.8083e-09
-7.5714e-09
 1.9786e-04
-5.6040e-09
-1.9112e-09
-8.9604e-10
-9.0550e-10
 2.6481e-04
 4.7121e-09
 1.3096e-09
-4.7597e-09
 1.1808e-08
 1.6810e-09
 2.2826e-09
-1.7983e-09
 2.8143e-09
 4.1939e-06
-2.9435e-09
 2.2324e-04
-2.9482e-09
 1.2870e-09
-4.5466e-10
-7.5413e-09
 2.9948e-09
 2.4552e-10
-1.0830e-09
-1.4443e-05
 1.9933e-10
-2.4312e-09
 3.1468e-09
-2.6851e-04
 1.0466e-09
-2.4879e-09
-1.9627e-04
 1.2039e-11
-1.9576e-09
 3.0448e-09
-4.8520e-10
-5.7719e-09
 2.7622e-04
 6.2422e-10
 7.0792e-04
-3.4547e-08
 3.2337e-09
 4.1860e-09
-4.4150e-09
-1.4466e-09
 1.2159e-09
-3.4545e-10
-2.3328e-05
 6.0943e-09
 2.9680e-09
 2.3591e-09
 1.6218e-10
 2.2328e-04
-2.7163e-07
 3.7086e-07
-1.5156e-07
-3.0636e-10
 4.7115e-11
 2.6172e-10
 3.4384e-10
-1.4759e-10
-6.3461e-10
 2.1464e-05
-1.0486e-08
 3.4116e-08
 8.3360e-09
-2.1252e-11
 1.9538e-10