-7.5605e-08
-2.6194e-04
 1.2815e-08
-8.9199e-09
 1.7312e-04
-1.3217e-07
 2.2498e-08
-1.8086e-08
 5.4675e-06
-4.4629e-08
-5.1885e-09
-1.9681e-09
 2.0204e-07
 3.0435e-04
-2.1092e-04
 4.6172e-07
-1.0543e-08
-1.1249e-06
-6.0323e-09
 1.3708e-08
 2.1967e-07
-3.1861e-09
-1.2269e-08
-1.1196e-06
-2.3180e-10
-4.2942e-07
-8.8920e-09
-1.5255e-08
 1.5843e-06
-1.4916e-05
 6.8481e-10
-1.9256e-04
-1.2818e-06
 1.6108e-04
 5.6228e-08
 8.4848e-07
 4.6372e-09
 2.3664e-08
 2.2254e-08
-2.9472e-09
-1.0357e-08
 7.5914e-05
-5.5114e-07
 5.6788e-06
-8.5787e-11
-2.2638e-09
-2.5682e-04
-5.2163e-08
-5.4077e-06
-1.8016e-04
 8.5315e-06
 1.9762e-08
 1.3012e-09
-1.5839e-08
 1.0844e-09
 2.5769e-04
 8.2685e-09
-3.1629e-06
 1.4173e-07
-6.6751e-04
-2.5883e-08
 6.3272e-06
-3.3997e-09
-1.0092e-05
 1.9688e-09
 3.8059e-06
 7.1273e-06
 3.0660e-05
 2.7060e-09
-1.5311e-09
-1.1344e-08
 1.0562e-06
 1.5417e-06
 5.3452e-05
 2.1900e-09
 1.1678e-05
-3.2130e-08
 1.3009e-06
-2.2548e-04
 4.9117e-07
-5.7472e-07
-2.7713e-05
-8.7741e-07
 9.1542e-10
-4.1811e-08
-4.8796e-08
 2.2447e-07
 1.7331e-05
-1.4452e-08
-2.7777e-08
-1.0289e-06
-6.2780e-05
-2.7487e-06
 4.5328e-08
-4.3900e-07
 9.7814e-12