-9.3059e-07
 8.4944e-06
 7.4335e-08
 2.0297e-06
-3.7710e-06
 2.1909e-08
-4.0926e-07
 2.9569e-04
 4.3562e-06
 8.9344e-08
-3.5440e-07
 1.3791e-08
 5.6661e-06
-3.0083e-06
-3.2434e-07
 2.5619e-04
 1.4481e-08
-1.0063e-03
 1.8627e-07
-4.6159e-08
 3.4012e-04
 1.8648e-07
-6.1249e-08
-9.3485e-04
-1.8160e-07
-8.7524e-04
-3.3247e-08
 7.0389e-09
 1.9783e-03
 1.6186e-06
-1.1568e-07
 9.2399e-06
-1.2792e-03
-1.4293e-05
-9.4604e-07
 3.5716e-04
-5.7517e-08
-6.0132e-08
 2.4542e-08
 9.2559e-07
 3.8842e-07
-1.8082e-06
-1.9601e-04
 4.6979e-03
-5.0499e-08
 5.0949e-07
 8.6207e-07
 1.3872e-08
-4.7376e-03
-2.6562e-05
 8.3913e-03
 3.5207e-08
-1.0936e-07
-2.9351e-08
 3.8685e-08
-3.0709e-05
 2.4427e-07
-7.3767e-05
-1.1101e-09
 1.5333e-05
-2.1237e-06
 4.8574e-03
 1.0793e-06
-9.4477e-03
 7.8155e-09
 3.4019e-03
 6.3308e-03
-4.9945e-06
-1.3774e-08
 4.8773e-08
 1.1593e-07
 2.3460e-04
 4.0232e-04
-1.2460e-06
-1.5580e-06
 1.0918e-02
-1.5678e-06
 9.8301e-04
-1.9782e-05
-3.9410e-07
-7.4772e-07
 7.9329e-05
-5.3783e-04
 6.9299e-07
-2.4104e-04
 2.0601e-07
-1.8099e-04
-2.1600e-06
-1.8077e-07
 1.1563e-07
-2.0867e-05
 1.0952e-05
 3.6633e-08
-1.4219e-07
-4.8473e-04
-6.9929e-08