 9.5316e-08
-6.1610e-09
 2.1465e-08
 1.3506e-08
-1.2410e-08
-9.7421e-05
 7.4580e-08
 5.1857e-08
 1.9686e-07
-7.8621e-05
 2.6906e-08
 6.8739e-04
 2.5550e-08
 1.9812e-07
-8.6642e-05
-5.5297e-09
-5.6090e-09
 1.5535e-07
-7.0806e-04
 7.5569e-09
-1.6777e-09
 6.9802e-08
 1.1450e-07
-1.4488e-03
 1.1084e-08
 2.2397e-08
 1.0841e-07
-2.4316e-03
 2.3064e-07
 1.2244e-04
-5.4065e-09
 1.8170e-08
 1.8416e-08
 8.6517e-08
 4.6066e-08
 4.2798e-04
 4.3259e-08
 3.1798e-09
-3.0551e-08
-2.5659e-03
 1.0659e-02
-5.0572e-08
 6.6957e-08
 3.9842e-08
-2.4300e-08
 3.0742e-03
 3.4232e-08
-5.2202e-08
-8.4530e-08
 3.9075e-08
 2.3079e-08
 5.7213e-03
 1.5880e-07
-4.9429e-07
-9.5236e-03
-4.3176e-03
 5.2027e-03
-9.5068e-09
-5.1084e-08
 3.1476e-08
 2.1445e-04
 1.1784e-02
-5.5719e-08
-1.7616e-07
 1.0770e-07
 2.2482e-05
 9.4927e-04
-7.3844e-04
-1.8251e-07
 1.4299e-04
 1.4446e-09
 1.0025e-04
 2.9834e-08
 2.1950e-07
-4.7783e-08
 9.4639e-05
-8.9160e-08
 1.3428e-10