6.17992
2.68892
1.56283
-1.04318
-0.761243
-0.591968
-0.482179
-0.405483
-0.346886
-0.297029
-0.250489
0.205656
-0.163966
-0.127756
-0.0983072
-0.0754449
-0.0581423
-0.0451726
-0.0354458
-0.0281056
-0.0225158
-0.018215
-0.0148706
-0.012243
-0.0101581
-0.00848831
-0.00713947
-0.00604109
-0.00513997
-0.00439559
-0.00377672
-0.00325916
-0.00282391
-0.00245601
-0.00214355
-0.00187697
-0.0016486
-0.00145219
-0.00128263
-0.00113576
-0.00100812
-0.000896859
-0.000799586
-0.00071431
-0.000639358
-0.000573317
-0.000514991
-0.000463365
-0.000417573
-0.000376872
-0.000340627
-0.000308291
-0.000279392
-0.000253521
-0.000230324
-0.000209491
-0.000190755
-0.000173881
-0.000158663
-0.00014492
-0.000132493
-0.000121244
-0.000111048
-0.000101797
-9.33941e-05
-8.57531e-05
-7.87981e-05
-7.24614e-05
-6.66826e-05
-6.14076e-05
-5.65885e-05
-5.21819e-05
-4.81492e-05
-4.44557e-05
-4.10703e-05
-3.79649e-05
-3.51143e-05
-3.24957e-05
-3.00885e-05
-2.78743e-05
-2.58361e-05
-2.39589e-05
-2.22288e-05
-2.06333e-05
-1.91611e-05
-1.78019e-05
-1.65464e-05
-1.5386e-05
-1.43128e-05
-1.332e-05
-1.24009e-05
-1.15497e-05
-1.0761e-05
-1.00299e-05
-9.35178e-06
-8.72262e-06
-8.1386e-06
-7.59625e-06
-7.0924e-06
-6.6241e-06
-6.18869e-06
-5.7837e-06
-5.40685e-06
-5.05607e-06
-4.72943e-06
-4.42515e-06
-4.14161e-06
-3.87731e-06
-3.63086e-06
-3.40097e-06
-3.18646e-06
-2.98625e-06
-2.79932e-06
-2.62473e-06
-2.46162e-06
-2.3092e-06
-2.16672e-06
-2.0335e-06
-1.9089e-06
-1.79232e-06
-1.68323e-06
-1.58112e-06
-1.48552e-06
-1.39598e-06
-1.3121e-06
-1.23351e-06
-1.15986e-06
-1.09081e-06
-1.02607e-06
-9.65355e-07
-9.08396e-07
-8.54954e-07
-8.04799e-07
-7.57719e-07
-7.13516e-07
-6.72007e-07
-6.33018e-07
-5.9639e-07
-5.61973e-07
-5.29627e-07
-4.99221e-07
-4.70634e-07
-4.43753e-07
-4.1847e-07
-3.94686e-07
-3.72309e-07
-3.51251e-07
-3.31432e-07
-3.12775e-07
-2.95209e-07
-2.78668e-07
-2.6309e-07
-2.48415e-07
-2.3459e-07
-2.21563e-07
-2.09287e-07
-1.97715e-07
-1.86807e-07
-1.76522e-07
-1.66824e-07
-1.57678e-07
-1.49051e-07
-1.40912e-07
-1.33233e-07
-1.25987e-07
-1.19148e-07
-1.12694e-07
-1.066e-07
-1.00848e-07
-9.54154e-08
-9.02854e-08
-8.54402e-08
-8.08635e-08
-7.65397e-08
-7.24544e-08
-6.85941e-08
-6.49459e-08
-6.14977e-08
-5.82383e-08
-5.51568e-08
-5.22434e-08
-4.94884e-08
-4.68831e-08
-4.4419e-08
-4.20882e-08
-3.98833e-08
-3.77972e-08
-3.58234e-08
-3.39556e-08
-3.2188e-08
-3.05149e-08
-2.89312e-08
-2.7432e-08
-2.60127e-08
-2.46687e-08
-2.33961e-08
-2.21909e-08
-2.10494e-08
1.99682e-08
-1.89441e-08
