0.0580749
0.103511
0.138101
-0.166361
-0.191714
-0.216191
-0.240651
-0.264716
-0.286432
-0.30212
-0.307351
0.299439
-0.279655
-0.252585
-0.223319
-0.195379
-0.170437
-0.148915
-0.130624
-0.11515
-0.102042
-0.0908927
-0.0813557
-0.0731478
-0.0660397
-0.059847
-0.0544209
-0.0496411
-0.0454097
-0.0416465
-0.0382855
-0.0352721
-0.0325605
-0.0301124
-0.0278955
-0.0258821
-0.0240487
-0.0223753
-0.0208444
-0.0194408
-0.0181516
-0.0169651
-0.0158714
-0.0148615
-0.0139277
-0.0130629
-0.0122611
-0.0115166
-0.0108247
-0.0101808
-0.00958095
-0.00902167
-0.00849968
-0.00801207
-0.00755617
-0.00712959
-0.00673014
-0.00635582
-0.00600479
-0.00567541
-0.00536613
-0.00507555
-0.0048024
-0.00454547
-0.00430368
-0.00407602
-0.00386156
-0.00365944
-0.00346887
-0.0032891
-0.00311947
-0.00295932
-0.00280808
-0.00266519
-0.00253015
-0.00240248
-0.00228174
-0.00216751
-0.00205942
-0.0019571
-0.00186021
-0.00176844
-0.0016815
-0.00159911
-0.00152101
-0.00144697
-0.00137675
-0.00131014
-0.00124694
-0.00118696
-0.00113003
-0.00107599
-0.00102466
-0.000975919
-0.000929614
-0.000885619
-0.000843811
-0.000804074
-0.000766298
-0.000730382
-0.000696228
-0.000663745
-0.000632845
-0.000603448
-0.000575477
-0.000548857
-0.000523521
-0.000499403
-0.000476441
-0.000454578
-0.000433757
-0.000413928
-0.00039504
-0.000377046
-0.000359902
-0.000343566
-0.000327999
-0.000313161
-0.000299019
-0.000285537
-0.000272684
-0.000260429
-0.000248742
-0.000237597
-0.000226968
-0.000216829
-0.000207157
-0.00019793
-0.000189126
-0.000180725
-0.000172709
-0.000165058
-0.000157757
-0.000150787
-0.000144134
-0.000137782
-0.000131718
-0.000125929
-0.0001204
-0.00011512
-0.000110078
-0.000105263
-0.000100663
-9.62694e-05
-9.20723e-05
-8.80626e-05
-8.42317e-05
-8.05715e-05
-7.7074e-05
-7.37318e-05
-7.05379e-05
-6.74855e-05
-6.45681e-05
-6.17796e-05
-5.91142e-05
-5.65663e-05
-5.41305e-05
-5.18018e-05
-4.95754e-05
-4.74467e-05
-4.54112e-05
-4.34648e-05
-4.16035e-05
-3.98235e-05
-3.81211e-05
-3.6493e-05
-3.49356e-05
-3.3446e-05
-3.20211e-05
-3.0658e-05
-2.93541e-05
-2.81065e-05
-2.6913e-05
-2.5771e-05
-2.46783e-05
-2.36328e-05
-2.26323e-05
-2.1675e-05
-2.07587e-05
-1.98819e-05
-1.90427e-05
-1.82395e-05
-1.74708e-05
-1.67349e-05
-1.60306e-05
-1.53563e-05
-1.47109e-05
-1.4093e-05
-1.35014e-05
-1.29351e-05
-1.23929e-05
-1.18737e-05
-1.13766e-05
-1.09006e-05
-1.04449e-05
-1.00084e-05
-9.59046e-06
-9.19021e-06
8.8069e-06
-8.43979e-06
