0.0685469
0.138736
0.210197
0.282378
0.354854
0.427322
0.499545
0.571332
0.642543
0.713141
0.783263
0.853235
0.923462
0.994257
1.06575
1.13791
1.21065
1.28386
1.35742
1.43127
1.50533
1.57956
1.65392
1.72839
1.80294
1.87757
1.95225
2.02697
2.10174
2.17654
2.25136
2.32621
2.40107
2.47595
2.55085
2.62576
2.70068
2.77561
2.85055
2.92549
3.00044
3.0754
3.15036
3.22532
3.30029
3.37526
3.45024
3.52522
3.6002
3.67518
3.75016
3.82515
3.90013
3.97512
4.05011
4.1251
4.20009
4.27508
4.35007
4.42507
4.50006
4.57506
4.65005
4.72505
4.80004
4.87504
4.95004
5.02503
5.10003
5.17503
5.25002
5.32502
5.40002
5.47502
5.55002
5.62502
5.70001
5.77501
5.85001
5.92501
6.00001
6.07501
6.15001
6.22501
6.30001
6.37501
6.45001
6.52501
6.60001
6.675
6.75
6.825
6.9
6.975
7.05
7.125
7.2
7.275
7.35
7.425
7.5
7.575
7.65
7.725
7.8
7.875
7.95
8.025
8.1
8.175
8.25
8.325
8.4
8.475
8.55
8.625
8.7
8.775
8.85
8.925
9
9.075
9.15
9.225
9.3
9.375
9.45
9.525
9.6
9.675
9.75
9.825
9.9
9.975
10.05
10.125
10.2
10.275
10.35
10.425
10.5
10.575
10.65
10.725
10.8
10.875
10.95
11.025
11.1
11.175
11.25
11.325
11.4
11.475
11.55
11.625
11.7
11.775
11.85
11.925
12
12.075
12.15
12.225
12.3
12.375
12.45
12.525
12.6
12.675
12.75
12.825
12.9
12.975
13.05
13.125
13.2
13.275
13.35
13.425
13.5
13.575
13.65
13.725
13.8
13.875
13.95
14.025
14.1
14.175
14.25
14.325
14.4
14.475
14.55
14.625
14.7
14.775
14.85
14.925
