1.4364e-04
7.0042e-04
1.3609e-03
1.4446e-03
1.5662e-03
1.7429e-03
1.9084e-03
1.9872e-03
2.0680e-03
2.1338e-03
2.2608e-03
2.9137e-03
3.0567e-03
3.1336e-03
3.5698e-03
3.5937e-03
3.6504e-03
3.7280e-03
3.9665e-03
4.2489e-03
4.3519e-03
4.4641e-03
4.5020e-03
4.5767e-03
4.8162e-03
4.8881e-03
4.9876e-03
5.0317e-03
5.0655e-03
5.3204e-03
5.3536e-03
5.5110e-03
5.5488e-03
5.7590e-03
5.8294e-03
5.9130e-03
6.0599e-03
6.1243e-03
6.2667e-03
6.4994e-03
6.7154e-03
6.7344e-03
6.8892e-03
6.9729e-03
6.9762e-03
7.1230e-03
7.1467e-03
7.2810e-03
7.3408e-03
7.4179e-03
7.4193e-03
7.4574e-03
7.4792e-03
7.5643e-03
7.5861e-03
7.8827e-03
7.9413e-03
8.1991e-03
8.2369e-03
8.2473e-03
8.2744e-03
8.7380e-03
1.6495e-02
1.6496e-02
1.6500e-02
1.6500e-02
1.6556e-02
1.6590e-02
1.6717e-02
1.6724e-02
1.6779e-02
1.6789e-02
1.7025e-02
1.7032e-02
1.7032e-02
1.7038e-02
1.7316e-02
1.7437e-02