3.2508e-05
1.7800e-04
3.3693e-04
4.1833e-04
6.8418e-04
1.0397e-03
1.3946e-03
1.4123e-03
1.4261e-03
1.6660e-03
1.8807e-03
2.0590e-03
2.0805e-03
2.1475e-03
2.2491e-03
2.2329e-03
2.4462e-03
2.8244e-03
3.0722e-03
3.1405e-03
3.4162e-03
3.6092e-03
3.7397e-03
3.9021e-03
4.3558e-03
4.4143e-03
4.4535e-03
4.5541e-03
4.7120e-03
4.8109e-03
4.8773e-03
4.9855e-03
5.0807e-03
5.2753e-03
5.3127e-03
5.3129e-03
5.3464e-03
5.3726e-03
5.5480e-03
5.7395e-03
5.7591e-03
5.8360e-03
5.9218e-03
5.9608e-03
6.0464e-03
6.0585e-03
6.2956e-03
6.4666e-03
6.5128e-03
6.7295e-03
6.7562e-03
6.9176e-03
6.9796e-03
7.0121e-03
7.1426e-03
7.3223e-03
7.3390e-03
7.3420e-03
7.3924e-03
7.5859e-03
7.4797e-03
7.4872e-03
7.5688e-03
7.5837e-03
7.8091e-03
7.8638e-03
7.9243e-03
8.2062e-03
8.2415e-03
8.2545e-03
8.2611e-03
8.2762e-03
8.2851e-03
8.3019e-03
8.3351e-03
8.7153e-03
1.6243e-02
1.6246e-02
1.6513e-02
1.6494e-02
1.6497e-02
1.6499e-02
1.6635e-02
1.6791e-02
1.6795e-02
1.6812e-02
1.6824e-02
1.7022e-02
1.7028e-02
1.7030e-02
1.7035e-02
1.7042e-02
1.7041e-02
1.7132e-02
1.7152e-02
1.7487e-02